        GLOBAL Station Temperature Index in 0.01 degrees Celsius   base period: 1951-1980

                    sources:  GHCN-v4 1880-10/2025 (meteorological stations only)
                    using elimination of outliers and homogeneity adjustment
                    Notes: 1950 DJF = Dec 1949 - Feb 1950 ;  ***** = missing

                                                                     AnnMean
Year   Jan  Feb  Mar  Apr  May  Jun  Jul  Aug  Sep  Oct  Nov  Dec    J-D D-N    DJF  MAM  JJA  SON  Year
1880   -27  -47  -33  -53  -24  -40  -35   22  -39  -63  -31  -29    -33 ***   ****  -37  -17  -44  1880
1881   -68  -23  -11   -6   18  -90  -24  -24  -18  -33  -41   15    -25 -29    -40    0  -46  -30  1881
1882    15  -16   -3  -54  -61  -90  -56  -26  -16  -21  -49  -77    -38 -30      5  -39  -57  -28  1882
1883   -53  -74  -46  -37  -38   30  -19   -9  -41  -32  -61  -35    -35 -38    -68  -40    1  -45  1883
1884   -67  -36  -37  -65  -93  -42  -39   15  -28  -55  -68  -79    -49 -46    -46  -65  -22  -50  1884
1885   -93  -64  -71  -88  -66  -72  -57  -30  -30  -33  -28   -9    -54 -59    -78  -75  -53  -31  1885
1886   -55  -57  -40  -30  -30  -44  -12  -29   -6  -59  -22  -29    -34 -33    -41  -34  -28  -29  1886
1887   -64  -99  -45  -53  -68  -60  -62  -54  -71  -50  -67  -60    -63 -60    -64  -55  -59  -63  1887
1888   -55  -75  -71  -27  -68  -37  -26  -23  -28   -6   -2  -18    -36 -40    -64  -55  -29  -12  1888
1889   -30    8    8   22   11  -14  -19  -42  -32  -25  -44  -38    -16 -14    -13   14  -25  -34  1889
1890   -52  -46  -45  -14  -63  -40  -56  -56  -21  -20  -53  -34    -42 -42    -45  -41  -51  -31  1890
1891   -67  -92  -30  -42  -39  -57  -46  -41  -31  -37  -32    8    -42 -46    -64  -37  -48  -33  1891
1892   -57  -18  -61  -52  -52  -43  -27  -24  -44  -33  -61  -61    -44 -39    -23  -55  -31  -46  1892
1893  -143  -96  -45  -46  -49  -48    3  -19  -20   -9  -11  -38    -43 -45   -100  -47  -21  -13  1893
1894   -65  -39  -35  -63  -60  -50  -34  -33  -46  -25  -27  -22    -42 -43    -47  -53  -39  -33  1894
1895   -62  -73  -55  -43  -39  -14  -46  -18  -19  -16  -20   -9    -35 -36    -52  -46  -26  -18  1895
1896   -21  -24  -63  -48  -38  -38  -18  -34  -20  -16  -33  -20    -31 -30    -18  -50  -30  -23  1896
1897   -24  -43  -27  -12  -16   -3    1  -23  -11  -22    3  -24    -17 -16    -29  -18   -8  -10  1897
1898   -10  -50  -79  -53  -66  -30  -29  -25   -2  -43  -41  -16    -37 -38    -28  -66  -28  -29  1898
1899   -30  -56  -36  -16  -35  -46  -22  -29   -5  -20    0  -20    -26 -26    -34  -29  -32   -8  1899
1900   -47   -5  -15   -6  -13   -6  -32   -4    1   19   -3   -7    -10 -11    -24  -11  -14    6  1900

Year   Jan  Feb  Mar  Apr  May  Jun  Jul  Aug  Sep  Oct  Nov  Dec    J-D D-N    DJF  MAM  JJA  SON  Year
1901   -22  -26  -12   -2   -9    7  -19  -16    2   -6  -13  -19    -11 -10    -18   -8   -9   -6  1901
1902   -19   -6  -16  -15  -22  -22  -39  -42  -38  -39  -38  -48    -29 -26    -15  -18  -34  -38  1902
1903   -33  -15  -14  -49  -32  -54  -27  -33  -40  -39  -41  -55    -36 -35    -32  -32  -38  -40  1903
1904   -70  -73  -53  -36  -53  -43  -53  -46  -52  -50  -18  -39    -49 -50    -66  -47  -47  -40  1904
1905   -41  -91  -27  -28  -29  -36  -37  -24  -22  -36   -6  -19    -33 -35    -57  -28  -32  -21  1905
1906   -13  -33  -36    1  -24  -18  -12  -12  -26  -18  -52  -19    -22 -22    -22  -20  -14  -32  1906
1907   -51  -63  -42  -53  -66  -62  -39  -50  -35  -21  -50  -55    -49 -46    -44  -54  -50  -36  1907
1908   -41  -37  -54  -45  -26  -36  -32  -40  -14  -37  -60  -40    -39 -40    -44  -42  -36  -37  1908
1909   -81  -55  -55  -57  -56  -34  -32  -12  -25  -24  -18  -54    -42 -41    -59  -56  -26  -22  1909
1910   -37  -31  -47  -36  -27  -35  -23  -14  -12  -34  -54  -66    -35 -34    -41  -37  -24  -33  1910
1911   -65  -69  -64  -51  -43  -48  -25  -32  -32  -25  -19  -27    -42 -45    -67  -53  -35  -25  1911
1912   -25  -18  -53  -34  -25  -23  -50  -60  -49  -52  -50  -38    -40 -39    -24  -37  -44  -50  1912
1913   -44  -51  -56  -37  -60  -55  -27  -21  -18  -29  -20    1    -35 -38    -44  -51  -35  -22  1913
1914    13   -8  -13  -23   -5  -12  -26  -13  -16   10  -32  -18    -12 -10      2  -14  -17  -12  1914
1915   -24   -3  -21   -6  -21  -28   -4  -24   -4   -9   -2  -18    -14 -14    -15  -16  -18   -5  1915
1916   -12  -16  -47  -28  -42  -54  -37  -21  -26  -29  -49  -81    -37 -32    -15  -39  -37  -34  1916
1917   -48  -71  -82  -58  -79  -42   -6  -37  -36  -54  -42  -95    -54 -53    -67  -73  -28  -44  1917
1918   -73  -58  -51  -53  -67  -39  -51  -52  -21   -1  -27  -37    -44 -49    -75  -57  -48  -16  1918
1919   -29  -21  -17  -13  -19  -15   -5  -12  -28  -16  -52  -35    -22 -22    -29  -16  -11  -32  1919
1920   -19  -35  -23  -11  -32  -33  -19  -22  -23  -43  -34  -54    -29 -28    -30  -22  -25  -33  1920

Year   Jan  Feb  Mar  Apr  May  Jun  Jul  Aug  Sep  Oct  Nov  Dec    J-D D-N    DJF  MAM  JJA  SON  Year
1921    -8  -16  -13  -24  -28  -12   -1  -47  -14  -11  -32  -23    -19 -22    -26  -22  -20  -19  1921
1922   -47  -52  -38  -14  -42  -32  -10  -25  -21  -26  -12  -22    -28 -29    -41  -31  -22  -20  1922
1923   -30  -34  -27  -52  -37  -40  -51  -44  -35  -16   -7   -7    -32 -33    -29  -39  -45  -19  1923
1924   -29  -40  -19  -45  -32  -26  -24  -23  -12  -23  -12  -42    -27 -24    -25  -32  -24  -16  1924
1925   -50  -43  -34  -19  -35  -43  -39  -22  -38  -32   -3   16    -29 -33    -45  -29  -35  -25  1925
1926    31   20   17  -12  -33  -24  -20    3    0  -11   -1  -29     -5  -1     22   -9  -14   -4  1926
1927   -16  -14  -38  -32  -30  -28   -6  -30   -7   16    7  -26    -17 -17    -20  -33  -21    6  1927
1928     6   -3   -9  -10  -29  -53   -6   -4    0   -6    9   -3     -9 -11     -8  -16  -21    1  1928
1929   -26  -47  -34  -41  -34  -44  -42  -38  -23   -1   -2  -62    -33 -28    -25  -36  -42   -9  1929
1930   -23  -19   -8  -23  -15  -20  -23  -17  -16  -29   10   -2    -15 -20    -35  -15  -20  -12  1930
1931    -8  -25   -7  -23  -19   -8    8    8  -17   13   -2   13     -6  -7    -12  -16    3   -2  1931
1932    33  -27  -21    6  -14  -41  -21  -14    8   12   -9  -14     -9  -6      6  -10  -25    4  1932
1933   -21  -21  -22  -16  -12  -28  -12  -16  -12  -12  -36  -46    -21 -19    -19  -17  -18  -20  1933
1934   -10   -7  -30  -31    1  -18   -4    4   -4   -3   10   16     -6 -11    -21  -20   -6    1  1934
1935   -30   27    2  -45  -33  -18  -24  -21  -36    0  -30  -10    -18 -16      4  -25  -21  -22  1935
1936   -26  -39  -14    0  -24  -19   15    4    0    2   10   10     -7  -8    -25  -13    0    4  1936
1937    -5    6  -23  -17    3   -4   -8    7   20   19   27   -1      2   3      4  -12   -2   22  1937
1938    11   12   23   31   11  -11   -2   -5    9   35   18   -2     11  11      7   22   -6   20  1938
1939    -1  -12  -34  -17    0   -8  -10  -23   -9   -9  -11   36     -8 -11     -5  -17  -13  -10  1939
1940   -16    4    2    1    7   18   18   10   19    8    4   29      9   9      8    3   16   10  1940

Year   Jan  Feb  Mar  Apr  May  Jun  Jul  Aug  Sep  Oct  Nov  Dec    J-D D-N    DJF  MAM  JJA  SON  Year
1941     4   25   -5    2   14   13   26    6  -18   14   -6    3      7   9     19    4   15   -3  1941
1942    18   -5   -6   -3    3   -2    5   10    5    1   14   10      4   4      5   -2    4    7  1942
1943   -18    9   -7    4   -8   -7    7  -18    3   26    5   16      1   0      0   -4   -6   11  1943
1944    32    8    6   -9  -12  -16    2    8   20   21    4  -19      4   7     19   -5   -2   15  1944
1945     0  -10   -8   13  -28  -28  -24   22    1    1  -12  -36     -9  -7     -9   -8  -10   -3  1945
1946    -3   -6  -11    6    2  -20    6  -12    1  -19   -7  -24     -7  -8    -15   -1   -9   -8  1946
1947    -4    3   15   11    0   -5    7   10    6   29   20  -11      7   6     -8    9    4   18  1947
1948    23   -9  -22   -9    2    9   -9   -8    0    5  -13  -17     -4  -4      1  -10   -2   -3  1948
1949     1  -29  -10  -25  -16  -23   -6  -12   -5    2   -7  -10    -12 -12    -15  -17  -14   -3  1949
1950   -23  -28   -4  -22  -24  -10   -6  -33  -14  -21  -34  -21    -20 -19    -20  -16  -16  -23  1950
1951   -44  -48  -19   -8    0  -16  -15    6   -4    4    1   15    -11 -14    -37   -9   -9    0  1951
1952     9   11  -15   -5  -12   -8    8   13   13   -3  -19   -4     -1   1     12  -11    4   -3  1952
1953     6    6   15   15    4    1   -7   11    9    8    5   19      8   6      3   11    2    8  1953
1954   -25   -4   -8  -12  -18  -20  -25  -22  -17    6   21   -8    -11  -9     -3  -13  -22    3  1954
1955    24   -6  -35  -18  -17  -22  -12   15   -8    1  -27  -29    -11  -9      3  -23   -6  -11  1955
1956   -20  -31  -28  -24  -27   -7   -7  -34  -13  -22  -21  -17    -21 -22    -27  -27  -16  -18  1956
1957   -10   -2   -4    5    4   17   -5   19   14    3   21   22      7   4    -10    2   10   12  1957
1958    45   26   16    9   14  -21    7  -11   -9   10   11   -6      8  10     31   13   -9    4  1958
1959     6    8   23   24   -2   10    5    0  -17   -7   -7   10      4   3      3   15    5  -10  1959
1960     6   24  -50  -25  -15   -5  -13    6    8   11   -8   19     -4  -4     14  -30   -4    3  1960

Year   Jan  Feb  Mar  Apr  May  Jun  Jul  Aug  Sep  Oct  Nov  Dec    J-D D-N    DJF  MAM  JJA  SON  Year
1961     9   20    2   15   20   18    7    8   22   11    9  -16     10  13     16   12   11   14  1961
1962     4   19   10    7  -11    5  -10   -5    2    5   11    0      3   2      2    2   -3    6  1962
1963     1   22  -22  -21  -13    6    5   17   22   12    8   -6      3   3      8  -18    9   14  1963
1964    -6  -11  -23  -36  -33  -10   -3  -30  -38  -35  -20  -33    -23 -21     -8  -31  -14  -31  1964
1965    -5  -16  -11  -24   -8   -9  -25   -7  -23   -9   -8  -18    -14 -15    -18  -15  -14  -13  1965
1966   -21   -5   15   -7  -10   -2    7  -11   -4  -27    0   -6     -6  -7    -15   -1   -2  -10  1966
1967    -7  -27    2   -9   16   -9    7    4    1   13    3   -1      0  -1    -13    3    1    6  1967
1968   -23  -14   33  -10  -19  -15  -15   -7  -28    6   -9  -24    -11  -9    -13    1  -13  -10  1968
1969   -14  -30   -7   11   18    6   -6   -7    3    4    8   32      2  -3    -23    7   -2    5  1969
1970     6   28    9    7   -6   11   16  -11   18    8    3  -10      7  10     22    3    5   10  1970
1971    -2   -8  -19   -5   -9  -19   -6    6    3    2  -16   -7     -7  -7     -7  -11   -7   -4  1971
1972   -31  -32   -7   -5   -2    6    6   20    6   -6   -9   12     -4  -5    -23   -5   11   -3  1972
1973    26   33   36   35   30   28   23    6    8   12    7   -2     20  21     24   34   19    9  1973
1974    -1  -22   -1  -10   -2    3    0   13   -8   -5   -9   -2     -4  -4     -8   -4    5   -7  1974
1975    11   13   14    2   24    1    6  -23   -2   -5  -14  -21      0   2      7   13   -5   -7  1975
1976    -5  -10  -35  -22  -20  -16  -19  -23  -14  -36  -24   -3    -19 -20    -12  -26  -19  -25  1976
1977    12   21   28   29   32   33   26   30  -12   -3   20   12     19  18     10   29   30    2  1977
1978     9   14   23   28   22   -1   18  -17   12    3    8    5     10  11     12   24    0    7  1978
1979     7  -15   23   22   -4   17    1   12   25   24   27   49     16  12     -1   13   10   25  1979
1980    32   37   35   34   43   21   27   23   31   13   26   17     28  31     39   37   24   23  1980

Year   Jan  Feb  Mar  Apr  May  Jun  Jul  Aug  Sep  Oct  Nov  Dec    J-D D-N    DJF  MAM  JJA  SON  Year
1981    57   52   62   46   30   30   45   52   21    3   19   43     38  36     42   46   42   14  1981
1982     0   22   -1    6   24   -2   16   -1    2   -3   14   36     10  10     22   10    5    5  1982
1983    46   40   43   33   43   23   17   45   50   20   28   15     34  35     41   40   28   33  1983
1984    22    6   30    7   44   -4   17   26   22   13    8   -4     16  17     14   27   13   14  1984
1985    26   -1   19   16    9   20    1   31   18    9    1    7     13  12      7   14   17   10  1985
1986    33   45   37   33   25    8    9   23    0   10    5   11     20  20     28   32   13    5  1986
1987    32   46   22   34   24   47   46   16   27   35   32   50     34  31     30   27   37   31  1987
1988    60   44   59   44   59   50   40   45   49   50   15   31     45  47     52   54   45   38  1988
1989    16   33   38   35   17   14   45   44   46   37   19   39     32  31     27   30   34   34  1989
1990    50   43   90   62   48   38   67   44   17   55   55   47     51  51     44   67   50   42  1990
1991    47   57   43   64   35   60   58   53   51   30   27   28     46  48     50   47   57   36  1991
1992    53   37   54   26   22   28   -1   11   -9    2    0   23     21  21     39   34   13   -2  1992
1993    30   35   31   29   26   17   31   16   12   27    6   24     24  24     30   29   22   15  1993
1994    36    7   27   53   24   55   38   26   39   42   48   46     37  35     22   35   40   43  1994
1995    56   91   49   55   37   52   61   57   44   62   48   33     54  55     64   47   57   51  1995
1996    37   52   43   44   33   31   56   73   41   35   49   47     45  44     41   40   53   42  1996
1997    47   56   58   31   36   67   30   43   48   61   71   69     52  50     50   42   47   60  1997
1998    70  116   82   76   90  101   88   85   60   62   59   78     80  80     85   82   91   60  1998
1999    71   83   44   37   41   58   62   53   63   53   53   46     55  58     77   40   58   56  1999
2000    28   74   63   68   47   64   59   61   55   33   44   42     53  54     49   59   61   44  2000

Year   Jan  Feb  Mar  Apr  May  Jun  Jul  Aug  Sep  Oct  Nov  Dec    J-D D-N    DJF  MAM  JJA  SON  Year
2001    65   61   69   59   71   62   67   64   65   60   84   72     67  64     56   66   65   70  2001
2002    99   94  107   80   85   60   82   72   87   65   68   55     79  81     88   90   71   73  2002
2003    94   75   73   68   83   62   73   78   77   81   63   88     76  74     75   75   71   74  2003
2004    70   91   77   75   45   68   24   61   56   76   91   70     67  69     83   65   51   75  2004
2005    96   86   98   81   75   81   78   75   98  100   92   90     87  86     84   84   78   97  2005
2006    79   99   81   63   49   81   70   88   82   92   92   97     81  81     89   64   80   89  2006
2007   127   93   96   98   97   73   80   87   85   82   74   73     89  91    105   97   80   80  2007
2008    51   48   92   68   61   57   78   45   81   84   87   69     68  69     57   74   60   84  2008
2009    79   77   68   76   85   82   95   93   95   75   89   75     82  82     75   76   90   86  2009
2010    95  106  112   97   98   90   77   85   88   95  104   62     93  94     92  102   84   96  2010
2011    79   61   78   82   64   80   90  105   78   86   82   86     81  79     67   75   91   82  2011
2012    63   60   71   89  100   73   64   89   87   99   98   73     81  82     70   87   76   95  2012
2013   102   80   86   66   73   99   75   90  103   89   96   92     88  86     85   75   88   96  2013
2014   101   71   84   95  108   80   76   93  111  102   86   97     92  92     88   96   83  100  2014
2015   104  115  116   79   91   94   74   94   85  125  129  150    105 100    105   95   87  113  2015
2016   138  170  169  136  125   98  104  137  120  120  131  123    131 133    152  143  113  123  2016
2017   125  147  144  117  126   84  109  113  100  121  114  124    119 119    132  129  102  112  2017
2018   116  118  116  123  102   96  117  101  102  122  107  126    112 112    119  114  104  110  2018
2019   122  126  145  132  112  113  121  116  114  127  132  151    126 124    125  130  117  124  2019
2020   149  161  142  144  129  122  108  104  131  119  154  117    132 134    153  138  111  135  2020

Year   Jan  Feb  Mar  Apr  May  Jun  Jul  Aug  Sep  Oct  Nov  Dec    J-D D-N    DJF  MAM  JJA  SON  Year
2021   115   92  123  100   98  111  125  115  131  134  116  123    115 115    108  107  117  127  2021
2022   118  114  143  107  109  118  124  123  115  129   93  105    117 118    118  120  122  112  2022
2023   117  127  150  129  115  136  148  142  187  157  166  163    145 140    116  131  142  170  2023
2024   152  181  166  156  134  135  146  168  150  163  158  164    156 156    165  152  150  157  2024
2025   172  160  165  152  137  136  126  148  161  171 **** ****   **** ***    165  151  137 ****  2025
Year   Jan  Feb  Mar  Apr  May  Jun  Jul  Aug  Sep  Oct  Nov  Dec    J-D D-N    DJF  MAM  JJA  SON  Year

Divide by 100 to get changes in degrees Celsius (deg-C).
Multiply that result by 1.8(=9/5) to get changes in degrees Fahrenheit (deg-F).

Example      --      Table Value :      40
                          change :    0.40 deg-C  or  0.72 deg-F