GLOBAL Land-Ocean Temperature Index in 0.01 degrees Celsius base period: 1951-1980  
            
sources: GHCN-v4 1880-10/2025 + SST: ERSST v5 1880-10/2025     
using elimination of outliers and homogeneity adjustment      
Notes: 1950 DJF = Dec 1949 - Feb 1950 ; ***** = missing
            
AnnMean            
Year Jan Feb Mar Apr May Jun Jul Aug Sep Oct Nov Dec
1880 -19 -25 -9 -17 -10 -21 -19 -11 -15 -24 -23 -18
1881 -20 -14 3 5 6 -19 0 -4 -15 -22 -19 -7
1882 16 14 4 -17 -15 -23 -17 -7 -14 -24 -17 -36
1883 -29 -37 -12 -18 -17 -8 -7 -14 -21 -11 -23 -11
1884 -13 -7 -36 -40 -34 -36 -30 -27 -27 -25 -34 -31
1885 -59 -34 -27 -42 -45 -44 -34 -31 -28 -24 -24 -11
1886 -44 -50 -43 -28 -25 -35 -18 -31 -24 -28 -28 -25
1887 -72 -57 -36 -35 -31 -25 -26 -36 -26 -35 -26 -33
1888 -35 -36 -42 -21 -22 -17 -11 -16 -12 1 2 -5
1889 -10 16 5 9 -1 -10 -8 -20 -24 -26 -34 -29
1890 -42 -45 -41 -30 -40 -25 -28 -39 -37 -25 -44 -32
1891 -34 -46 -18 -27 -17 -21 -18 -17 -16 -22 -32 -4
1892 -30 -12 -40 -33 -23 -22 -31 -27 -17 -14 -42 -39
1893 -81 -56 -22 -28 -34 -25 -14 -25 -22 -18 -19 -32
1894 -53 -29 -23 -45 -31 -41 -24 -24 -28 -23 -26 -21
1895 -41 -43 -33 -22 -28 -21 -17 -17 -12 -11 -17 -14
1896 -23 -13 -27 -31 -16 -11 -3 -6 -8 6 -5 -5
1897 -16 -17 -14 -3 -2 -12 -3 -9 -9 -13 -18 -21
1898 -3 -31 -52 -32 -31 -20 -23 -27 -22 -35 -39 -24
1899 -17 -39 -36 -21 -23 -31 -16 -9 -6 -5 12 -27
1900 -37 -7 0 -10 -10 -11 -14 -9 -6 9 -8 -8
            
Year Jan Feb Mar Apr May Jun Jul Aug Sep Oct Nov Dec
1901 -23 -12 5 -3 -16 -13 -15 -21 -23 -29 -17 -28
1902 -17 -9 -28 -29 -33 -32 -28 -31 -30 -30 -37 -43
1903 -25 -6 -24 -42 -40 -43 -35 -46 -50 -47 -43 -52
1904 -64 -59 -51 -51 -52 -49 -51 -49 -56 -39 -18 -34
1905 -36 -60 -22 -34 -30 -29 -27 -21 -19 -25 -8 -14
1906 -28 -28 -18 -5 -26 -19 -23 -20 -28 -20 -38 -15
1907 -44 -52 -28 -37 -47 -42 -35 -35 -35 -23 -47 -47
1908 -45 -33 -56 -45 -38 -39 -36 -46 -36 -44 -52 -50
1909 -73 -46 -55 -59 -55 -52 -45 -34 -39 -40 -33 -57
1910 -43 -42 -51 -43 -35 -39 -35 -37 -39 -41 -58 -68
1911 -63 -58 -61 -54 -52 -51 -43 -44 -41 -27 -22 -22
1912 -27 -16 -39 -19 -22 -25 -43 -55 -58 -58 -41 -44
1913 -41 -46 -43 -40 -45 -46 -37 -34 -35 -33 -21 -3
1914 4 -10 -25 -30 -22 -26 -24 -17 -17 -4 -16 -4
1915 -21 -4 -10 6 -6 -23 -13 -23 -21 -25 -14 -21
1916 -14 -16 -29 -31 -36 -50 -37 -28 -37 -34 -47 -82
1917 -58 -64 -64 -56 -56 -44 -26 -23 -23 -45 -35 -69
1918 -48 -35 -25 -45 -44 -37 -32 -32 -17 -6 -12 -30
1919 -21 -24 -22 -13 -28 -37 -30 -34 -26 -21 -42 -43
1920 -26 -27 -13 -25 -27 -36 -31 -27 -22 -27 -28 -47
            
Year Jan Feb Mar Apr May Jun Jul Aug Sep Oct Nov Dec
1921 -6 -19 -24 -30 -31 -28 -16 -27 -20 -4 -16 -19
1922 -35 -46 -16 -24 -34 -31 -28 -34 -36 -32 -15 -20
1923 -28 -40 -35 -42 -34 -30 -32 -34 -32 -14 -3 -4
1924 -23 -24 -9 -31 -19 -27 -30 -37 -33 -36 -21 -44
1925 -39 -40 -28 -26 -30 -33 -28 -21 -20 -18 4 6
1926 20 2 11 -13 -24 -27 -28 -14 -15 -12 -7 -30
1927 -28 -18 -39 -31 -26 -28 -19 -24 -13 -1 -6 -34
1928 -3 -10 -25 -28 -30 -39 -20 -23 -21 -19 -11 -17
1929 -45 -59 -33 -42 -38 -44 -37 -33 -26 -15 -12 -55
1930 -30 -27 -11 -25 -24 -22 -22 -16 -16 -12 17 -6
1931 -11 -21 -11 -23 -20 -8 -4 -4 -7 6 -6 -5
1932 15 -17 -18 -6 -18 -29 -25 -22 -10 -9 -27 -27
1933 -23 -30 -30 -24 -29 -34 -21 -24 -29 -25 -31 -45
1934 -21 -3 -29 -31 -10 -15 -11 -13 -15 -7 3 -3
1935 -35 14 -14 -37 -29 -27 -22 -22 -21 -6 -26 -18
1936 -28 -38 -21 -20 -16 -22 -10 -14 -9 -3 1 -1
1937 -8 3 -21 -16 -6 -5 -4 1 9 8 7 -8
1938 8 3 9 6 -10 -17 -9 -6 0 14 7 -13
1939 -6 -7 -18 -11 -5 -7 -6 -6 -8 -4 7 42
1940 -1 8 9 17 10 11 12 6 15 11 16 31
            
Year Jan Feb Mar Apr May Jun Jul Aug Sep Oct Nov Dec
1941 17 30 10 16 16 12 22 14 2 35 22 21
1942 29 2 5 9 10 4 0 -4 -3 1 9 12
1943 -1 17 -4 11 6 -6 8 0 5 23 19 23
1944 36 24 26 19 18 15 17 18 28 26 11 3
1945 10 1 6 19 6 0 3 26 20 18 6 -7
1946 15 2 1 5 -7 -22 -13 -20 -8 -8 -6 -31
1947 -7 -8 6 6 -2 -2 -4 -7 -12 7 2 -13
1948 6 -15 -24 -12 -1 -5 -11 -12 -14 -5 -13 -24
1949 6 -14 -2 -11 -10 -27 -13 -13 -14 -7 -10 -18
1950 -26 -27 -8 -21 -11 -5 -9 -16 -12 -21 -34 -22
1951 -35 -42 -20 -14 -1 -7 -1 6 5 8 -1 15
1952 11 11 -8 3 -3 -3 4 5 7 0 -13 -2
1953 7 15 11 19 11 12 1 5 4 8 -3 5
1954 -24 -10 -15 -14 -20 -19 -19 -17 -10 -2 8 -18
1955 13 -16 -32 -22 -20 -14 -11 2 -11 -5 -25 -28
1956 -13 -24 -21 -28 -29 -15 -9 -25 -19 -23 -15 -6
1957 -9 -3 -5 0 9 15 2 15 8 1 8 15
1958 39 22 9 1 6 -9 5 -5 -3 4 2 1
1959 8 7 18 16 4 3 3 -1 -6 -7 -8 0
1960 0 13 -35 -15 -8 -4 -4 2 7 6 -11 19
            
Year Jan Feb Mar Apr May Jun Jul Aug Sep Oct Nov Dec
1961 7 19 9 13 12 12 1 1 8 0 3 -16
1962 5 15 10 5 -6 3 2 -1 0 1 6 -3
1963 -3 18 -14 -7 -6 5 6 22 17 14 15 -3
1964 -9 -10 -21 -32 -25 -3 -4 -22 -29 -31 -21 -29
1965 -8 -17 -13 -19 -12 -8 -13 -4 -15 -5 -6 -8
1966 -19 -4 4 -13 -12 1 8 -9 -3 -17 -1 -2
1967 -7 -20 5 -5 12 -8 2 1 -6 9 -5 -5
1968 -26 -14 20 -6 -14 -9 -13 -9 -19 9 -5 -15
1969 -11 -18 1 17 18 3 -4 4 8 10 12 24
1970 8 22 6 5 -3 -2 2 -10 13 3 2 -12
1971 -2 -15 -18 -7 -5 -16 -7 -1 -5 -4 -7 -8
1972 -22 -18 2 0 -3 4 1 16 2 8 2 18
1973 29 32 29 27 23 19 13 5 9 10 4 -7
1974 -10 -27 -5 -11 -4 -5 -3 10 -8 -6 -8 -8
1975 10 8 12 4 16 -1 -1 -17 -2 -11 -17 -17
1976 -3 -6 -22 -7 -20 -12 -10 -12 -7 -24 -6 11
1977 18 23 24 26 33 27 20 18 2 3 16 3
1978 6 10 19 17 9 -1 4 -14 6 3 13 7
1979 8 -10 19 15 3 14 4 16 25 26 28 47
1980 29 39 29 30 35 20 22 18 20 13 29 21
            
Year Jan Feb Mar Apr May Jun Jul Aug Sep Oct Nov Dec
1981 53 42 48 32 24 29 32 35 14 12 23 41
1982 4 15 3 15 18 5 14 3 14 13 17 42
1983 53 43 41 27 34 22 18 35 37 16 30 16
1984 31 14 26 5 33 2 19 19 21 13 6 -5
1985 22 -4 17 12 14 15 4 16 13 11 5 14
1986 26 37 30 22 21 11 11 15 3 15 10 13
1987 31 43 18 24 25 34 40 24 35 32 29 46
1988 56 44 51 42 44 40 33 39 37 37 12 29
1989 12 29 36 29 17 16 34 33 34 29 19 37
1990 41 43 80 56 45 37 45 34 23 44 46 40
1991 42 49 35 51 34 53 47 39 44 28 29 31
1992 47 40 48 27 31 25 8 8 -1 6 2 21
1993 34 37 36 27 28 22 25 11 11 23 3 18
1994 26 2 29 41 28 43 30 21 31 42 44 38
1995 52 79 46 46 27 43 45 45 33 46 44 26
1996 24 45 32 33 27 25 36 48 25 21 41 37
1997 32 40 52 33 34 54 33 41 52 61 64 58
1998 58 87 63 63 68 77 65 65 41 42 42 54
1999 48 63 32 31 26 36 38 31 38 34 36 40
2000 24 55 55 56 35 39 39 42 38 26 30 28
            
Year Jan Feb Mar Apr May Jun Jul Aug Sep Oct Nov Dec
2001 45 43 55 50 57 51 59 49 51 50 72 55
2002 77 78 87 58 64 52 61 53 63 54 58 43
2003 74 58 59 55 60 47 57 64 62 72 53 74
2004 58 72 63 60 36 43 26 45 50 60 72 50
2005 74 59 74 66 62 64 61 60 71 76 74 67
2006 55 73 63 46 47 66 54 70 65 70 73 79
2007 101 70 71 76 68 60 59 60 60 58 59 49
2008 29 37 74 53 49 49 60 45 60 66 69 53
2009 64 53 53 61 65 63 73 69 71 65 79 67
2010 74 83 92 85 75 67 63 67 62 71 80 45
2011 52 47 65 64 53 62 70 74 55 65 59 59
2012 46 48 56 72 78 65 58 65 71 79 78 52
2013 71 61 67 53 60 70 59 70 76 69 83 69
2014 76 54 77 80 86 67 58 83 87 80 67 78
2015 87 91 96 75 79 81 73 79 83 107 106 117
2016 118 136 135 109 95 80 84 101 90 87 91 86
2017 102 113 116 93 91 70 81 87 74 88 88 93
2018 82 84 88 88 81 76 83 77 80 101 83 92
2019 93 95 117 100 86 90 93 94 93 100 98 111
2020 117 124 118 112 99 91 89 86 96 87 109 79
            
Year Jan Feb Mar Apr May Jun Jul Aug Sep Oct Nov Dec
2021 81 64 89 75 79 84 92 81 92 98 92 87
2022 91 89 104 83 84 92 94 95 88 97 73 80
2023 87 97 123 99 94 108 119 119 148 134 141 137
2024 125 144 139 131 114 120 120 129 124 133 129 127
2025 137 125 136 123 107 105 102 115 124 122 **** ****
Year Jan Feb Mar Apr May Jun Jul Aug Sep Oct Nov Dec
            
Divide by 100 to get changes in degrees Celsius (deg-C).   
Multiply that result by 1.8(=9/5) to get changes in degrees Fahrenheit (deg-F). 
            
Example -- Table Value : 40       
change : 0.40 deg-C or 0.72 deg-F      
